	Iozone: Performance Test of File I/O
	        Version $Revision: 3.489 $
		Compiled for 64 bit mode.
		Build: linux-AMD64 

	Contributors:William Norcott, Don Capps, Isom Crawford, Kirby Collins
	             Al Slater, Scott Rhine, Mike Wisner, Ken Goss
	             Steve Landherr, Brad Smith, Mark Kelly, Dr. Alain CYR,
	             Randy Dunlap, Mark Montague, Dan Million, Gavin Brebner,
	             Jean-Marc Zucconi, Jeff Blomberg, Benny Halevy, Dave Boone,
	             Erik Habbinga, Kris Strecker, Walter Wong, Joshua Root,
	             Fabrice Bacchella, Zhenghua Xue, Qin Li, Darren Sawyer,
	             Vangel Bojaxhi, Ben England, Vikentsi Lapa,
	             Alexey Skidanov, Sudhir Kumar.

	Run began: Sat Jul 12 22:59:25 2025

	Auto Mode
	Using maximum file size of 512000 kilobytes.
	Command line used: iozone -a -g 500m
	Output is in kBytes/sec
	Time Resolution = 0.000001 seconds.
	Processor cache size set to 1024 kBytes.
	Processor cache line size set to 32 bytes.
	File stride size set to 17 * record size.
                                                              random    random     bkwd    record    stride                                    
              kB  reclen    write  rewrite    read    reread    read     write     read   rewrite      read   fwrite frewrite    fread  freread
              64       4   809014   681644  6421025  3541098  3588436  1492919  3165299   1279447   3363612  1392258  1599680  5860307  5860307
              64       8   821391  2278628 10821524  5283570  4274062  1734015  5283570   2379626   7100397  1304314  2006158 10402178  9006179
              64      16   752329  3203069 12902017  9006179  7293312  2892445  8182586   3406295  12902017  3203069  4207076 12902017 12902017
              64      32  1083249  2772930 10821524  8182586  7100397  2444640  7940539   4274062   9318832  2662899  4564786 10402178 12902017
              64      64   821391  5860307 10402178 30484297 10402178  4564786  7100397   2203800  15972885  4274062  4018152 12902017 10821524
             128       4   895074  2035099  6406138  4596273  4407601  1911894  3380677   2166499   3657016  1618028  1663139  6114306  4135958
             128       8   998261  3277486  6045455  6406138  7082197  2784517  5545860   2905056   7476717  2905056  3053774  9129573  7082197
             128      16  1254941  4444086 15881078  6406138  8548124  2453642  3785961   4889281  12842051  2969325  3036502 14200794 15881078
             128      32   914904  5325799 11720614 11470204 18637664  5122535 10567140   5325799  15881078  6045455  6330599 15881078 14586625
             128      64   927549  6114306 15881078 14200794 18637664  3359523  5122535   4717434  20804356  5325799  3468030  9795896 25804035
             128     128  1440082  2985839  8548124 15881078 12842051  3895854 14200794   4135958  14200794  4135958  6727225 18637664 25804035
             256       4   962301  1981783  6398720  3368013  3326279  1152323  4819184   2247235   3368013  1790149  2135500  6107548  6398720
             256       8  1195962  3236056  6936061  4998665  5810112  1778290  5938650   3705040   7073132  1924938  3285566 10651598 11207494
             256      16  1347557  4572895  9518507  6398720 13625180  3545976 11569783   3511189   9518507  4496299  4496299 13454450 15164624
             256      32  1445521  5569035 12090911  7791708 11091721  2842047 15164624   6891544  12812277  3770085  3823789 10758322 21134280
             256      64  1471270  5938650 11695808  9192546 13454450  3207059 16828306   7791708  15164624  4907284  4840911 21134280 19591792
             256     128  1213534  4734192 11091721 11569783 14164395  4350555 19591792   7518900  19591792  4496299  7314033 23441229 21134280
             256     256   977189  4929815 13454450 28401588 15164624  4264168 19591792   6936061  12812277  6554972  6891544 15164624 14953435
             512       4   958781  2024389  5331314  4784885  4375425  1741948  4742616   2297251   4068701  2065273  1895721  5624545  6246213
             512       8  1216149  3259661 10434519  4827914  5624545  1689859  5453155   2438090   6736026  3122224  2509312  8265729  8265729
             512      16  1369738  4494470 14628067  6491676  8265729  2381315 11877300   5509113  10235583  4420457  2449212 13872122 14628067
             512      32   999850  4701087 18869737  6999490 10694336  4384358 15930214   4620174  13109944  3533174  5127637 17630404 19557124
             512      64  1500891  5509113 12499490  7871843 13109944  3934520 19037014   5278892  15583417  6246213  5822804 12499490 21303197
             512     128  1524329  5760329 20490142 15037801 23391616  6571132 19736867   5509113  15583417  5067142  7871843 21303197 20490142
             512     256  1533034  6104175 17630404 17630404 24457224  6736026 20296484   5115422  15583417  4228947 11138071 22183443 15471149
             512     512   984720  7115451  6018636 24181823 24457224  6821616 21303197   5822804  15037801  6909408  6414119 25624554 24457224
            1024       4   952573  1957770  5564829  4679604  3880507  1885572  4493556   2271501   4876180  1957770  1995982  5660167  5593820
            1024       8  1042770  3031444  9045736  6874084  8000971  2892612  8122014   2443368   8391792  3010197  3083680  9923546 10230845
            1024      16  1010864  4470172 14422045  6016997  7524394  2708381 12173747   5564829  11645609  4215688  4249053 14044758  9402175
            1024      32  1419915  5071963 18608584 10906310 17331995  5444898 16037624   4715569  17056672  4876180  5284125 17910197 12348754
            1024      64  1071116  4995276 13305116  8000971 13102174  3894582 18936769   5536137  24430194  4898425  5042191 18291580 14044758
            1024     128  1499217  5950309 21388672  8610501 14618393  4014717 20869039   9300377  17331995  6963241  6172653 22748081 11249091
            1024     256  1481633  6609617 13686709  9485232 12208350  3304314 12944224   6609617  15295157  4211554  6519323 14871477 10230845
            1024     512  1158358  5751117  9381637 10557785 13472053  5593820 18936769   4679604  24430194  5885083  6963241 23754601 15977962
            1024    1024  1544504  4396951 12944224 12790037 22748081  6441107 22869206   4048778  24998980  4614246  6609617 23754601 16280798
            2048       4   949919  2122121  4923146  2290767  2392868  1196235  4519101   1739978   4104506  1875611  1484143  4686767  4741090
            2048       8  1145354  2572756 10339282  7336772  8284999  2941954  6024617   3600433   6359119  2709070  3061485  9808036  7042051
            2048      16  1283841  3751381  9708272  6895083  7903836  3841986 11966935   3606479  12488897  4204968  2643214 14109484 11502234
            2048      32  1425288  4983122 14539356 10889797 15399510  5095447 13118295   7336772  14109484  3604966  4451191 10555264 13949098
            2048      64  1409386  4559883 17360217 10834854 19311656  5735012 10143926   6945257  10289741  5303064  5319484 20461691 21325256
            2048     128  1288076  5184636 22264924 12654482 14638464  4172290 19893055   6020395  25966707  3757946  6363830 19486895 20909969
            2048     256  1237420  6420913 22498183 13660713 24347494  6690992 14638464   9101380  19486895  4394265  6243566 23807646 22979678
            2048     512  1507057  6225466 18129656 11835033 23482233  6359119 23546602   5750369  24697509  4807425  8120522 23807646 24074544
            2048    1024  1168411  4511980 15399510 16783585 24347494  6298503 23807646   4850862  25278959  5884299 11260973 23546602 25278959
            2048    2048  1505736  4046500 12710657 24416701 24697509  6675393 24074544   7088541  21980064  4319142  6984790 24697509 24074544
            4096       4   952331  1732748  6086096  3897601  4108241  1780886  4958393   2269226   4612286  1984550  1692463  5980170  6122971
            4096       8  1151866  3158176  9435311  5504946  6281934  2666933  5312585   3321831   7209932  3052133  2370354  7173805  9966244
            4096      16  1346405  3601796 13604523  9119767 12450933  4227532 10239486   5535098  12334720  3112404  4274869 14026607 14318876
            4096      32  1272412  4718699 14941541  7301864 10344298  4361695 14330820   4796426  12343583  4100397  3276846 15059417 11477688
            4096      64  1219744  4039655 14414991  8062616 11531617  4708354 11809047   8944095  16179861  5535098  5867831 20192470 12919082
            4096     128  1430129  4125010 20678564  9588020 21779595  6361016 20803766   9663524  22521946  6351609  5681538 21918530 14673544
            4096     256  1425146  4235870 22144551 11982006 15112405  4977067 13702178   9373535  23540333  6160296  6585338 23285086 16134276
            4096     512  1522659  6005255 13086376  8695120 12606249  4394046 14177082   8642630  23933871  5581856  6103394 18030821 20678564
            4096    1024  1371229  4078979 12880338 13423810 23834258  6897314 22288196   8775063  21110529  7339297  6461498 21110529 23285086
            4096    2048  1500450  5744227 11736440 15749706 24101756  6989921 20778605   7683972  24409960  4607338 10691939 21007275 23159527
            4096    4096  1411447  4266376  7123239 22144551 23004469  6358661 12487133   5657217  11222762  5056165  4149921  9636422 12083134
            8192       4   944862  1729330  4765695  4108146  4155847  1734831  3703433   2245616   3984289  1742662  1861327  4988488  5221205
            8192       8  1119581  2627332  7218727  5634770  6420214  2676241  6542461   3778367   5979968  2748162  2468051  6022946  7939297
            8192      16  1289837  3001687  7346838  7124429  9246914  3663551  9342456   5475825   9868367  3148282  3231483  9980156 10356163
            8192      32  1367616  3851640 10836280  8376734 12665757  4708228 10488942   7468200  12981586  4798976  4612784 11960341 14659806
            8192      64  1371054  4444522 13816816  7809376 11013422  4876623 12280959   8752276  14572760  4092001  5337181 10003400 10100441
            8192     128  1417784  4143818 14554242  9820419 16254918  5509188 13979843   9579481  16057410  4275829  5440277 15224943 12703218
            8192     256  1441275  4354953 11222050  9627797 15784476  5553712 12586880   9515809  15258749  4508083  5760412 14548080 16095019
            8192     512  1229117  4929091 12759828  9234488 14002632  5509188 11977018   8779111  17207351  4873856  5227560 11503841 14572760
            8192    1024  1437657  4320998 13883812  9988860 15340499  5784656 12245943   8490582  19133327  5284645  5761377 11084481 10751510
            8192    2048  1176187  2998544  9194949  7373641 11013422  4013610 11423523   6753351  22878950  3705031  5357988  9977258 11939561
            8192    4096  1376106  4721167  7550253 10711290 12879400  4979812  9614327   6765318   9175306  4479286  5810089  9214676 11703682
            8192    8192  1319609  4029614  6475875  8828739  9568810  4442223  8079310   4525898   9309549  4760413  4576535 10778492 10981742
           16384       4   930643  1833457  4625454  3567099  4186942  1659497  3851382   2254590   3838689  1734691  1758124  4375975  4743263
           16384       8  1109581  2574456  6588127  5288633  6037129  2500908  5428590   3775213   6168821  2504463  2590762  6365386  6692713
           16384      16  1253849  3019998  8948074  6301760  8123056  3295296  7282069   5540639   7180114  3345673  3144076  9041077  7575060
           16384      32  1300746  3516536  9072110  6720201  9168947  3663708  9410010   7440550   8809279  3532625  3590583  9746329  9758786
           16384      64  1339748  4091953 10409194  7154697  9834199  3846855  9329526   8908634  10227930  3993274  3891733 10318540 11387189
           16384     128  1304771  4720455 11795703  8027220 10742780  3607169 11377762   7001613  11093080  3153744  3502377 11838376 12234618
           16384     256  1301337  3996990 12593352  8427902 13182819  3820974 11871097   7802110  11594690  3835261  3428293 11628043 12090398
           16384     512  1377480  4670408  9700926  8283641 13769215  4952824 12171775   9711894  14065126  4217262  3863074 12651313 12790240
           16384    1024  1329330  4346911 10944673  8031911 11777509  4670408 10270732   9746329  24756587  4105399  3658053 12037452 12438351
           16384    2048  1371377  4457150 10965630  8184002 11046716  4525840 10835947   9081702  19391434  5110468  5443210 11417460 12869284
           16384    4096  1406721  4876209  9400999  9127540 10751183  4335666 11168803   6406929  12869284  5295561  5726715  9282896 11069849
           16384    8192  1403675  4987331  9367679  9610032 11803808  4803607  9319404   4999668   9204562  5050375  6306387  8354133  9717387
           16384   16384  1311144  4367909  6775862  9072110  7858319  4278973  7956584   4099032   7797684  4371243  4417609  8899405  8591217
           32768      64  1340085  4474680  9971768  7571223 10297516  4032501 10372903   8406666  10054935  3969951  4158414  9230406 10698297
           32768     128  1371676  4714109 10962836  7935821 11846341  4231911 10272118   9575755  11275834  4125957  4146871 10751020 10832365
           32768     256  1377615  4155271 11018205  7562475 12212664  3927522  9799005   7500158  10934055  3931342  4114962  8535623  8987751
           32768     512  1301914  4230217 10259083  6547266 10002248  4349911  9960206   9089994  10405888  4128435  4420281 11405906 10889871
           32768    1024  1384136  4359293  9405377  6830688  9617972  4288560 11461072   8393318   9384185  4122862  4150503 11985809 12232229
           32768    2048  1337360  4383066  9503581  6948096  9584436  4276683  9400231   9405377  23709429  4409644  4149375  8705938  9787143
           32768    4096  1327017  4118662  9517402  7495250  9691216  4275486  9470184   7947753  16702175  3673580  3021778  8241817  9553125
           32768    8192  1302124  4026122  9595142  7175168  9671439  4009327  9287792   4769071   9158441  4094856  4033447  8794513  8756412
           32768   16384  1300977  4026004  5873508  6541968  6569172  3965598  7488308   4677689   6507894  4949044  6267793  6832386  7527681
           65536      64  1305654  3918720 10165300  7219986  9358244  3882466  8704506   8799245   8537693  3851891  3787772  8898372  8909332
           65536     128  1320222  4133203  9252716  6502322  9261757  4153877  9041796   9204383   9298413  3827593  3793260  9432425  9363664
           65536     256  1320653  4171085 11363847  8093974 12167689  4500160 10623380   8245478  10724094  4225977  4251732 11443325 11291492
           65536     512  1363604  4233593  9567358  6765258  9634762  4230530  9798938   9276135   9967721  3919614  3968278  9406602  9690467
           65536    1024  1373113  4360040  9556049  7082692  9721998  4279200  9691833   8915400   9854795  3973326  4138181  9481554  9278953
           65536    2048  1370901  4200276  9737841  6942447 10040906  4322400  9574356   9612189  10071441  3925268  4133949  9511739  9712037
           65536    4096  1350985  4176662  9574356  7039342 10096226  4212636  9401133   8735765  20396369  4052942  3989762  9531198  9887763
           65536    8192  1329924  4124087  8650268  7416943 11051787  4089848  7630239   6333912  11719470  3646136  4032489  8196061  8915111
           65536   16384  1311266  4006861  7259264  6848183  8634508  4064990  6609738   3097152   8301006  4422756  3219019  6648587  6810347
          131072      64  1320598  3659797  6635491  5111401 10117372  3933125  5740927   8770860   8727695  3801413  3530190  6617121  6840583
          131072     128  1310337  2744103  7040136  5065202 10183528  4153244  6639257   9473190  10001596  3873516  3110537  7089524  7304579
          131072     256  1353925  3061362  7248717  5390830 10215128  4256136  9146772   8531704   9280019  3956648  4009777  9128849  9478090
          131072     512  1353392  4076105  9408663  6844159  9626294  4204253  9360285   9281429  10672838  3905491  3538278  7243082  8126975
          131072    1024  1343335  4283662  7393483  6213418 10638965  4278927  7213714   9365706   9772080  3966583  3960468  8254863  9036417
          131072    2048  1364965  3963352  7136737  6108546 10995818  4317811  7316341   9504964   9644702  4021245  3982733  9560337  9729191
          131072    4096  1347104  3778603  7872683  7045368 10213800  4231957  9530505   8360185   9340882  3748561  3925486  8557868  9732119
          131072    8192  1307906  4242505  9517305  7167910  9958477  4160221  8767363   6769490  11555365  3392134  3526091  9593202  9518624
          131072   16384  1327861  3468517  6451033  5361912  8211462  4009777  7291983   4463868   8723678  3915533  3912718  8111387  8108396
          262144      64  1331632  4137705  8991400  7196236  9489690  3957059  8323844   8848418   9496247  4031120  3319332  5564391 10008862
          262144     128  1243112  4150152  9672515  7322471 10602832  4284660  9155897   9471868  10160642  4088516  3482246 10429047 10856607
          262144     256  1392561  4520650 10725602  7548023 10729475  4444935 10606718   8094357  10625168  4235850  4268608 10741424 10678415
          262144     512  1396411  4486066  9744436  7512593 10693994  4348184 10754662   9725216  11001078  4220161  4222414  8015930  9290982
          262144    1024  1396171  3686978 10925758  7606297 10915346  4434769  8000241   9807540  10695866  4238169  3595151  8016164 11085149
          262144    2048  1393819  3701862  8085607  7489820 10847181  4474820 10816768   9715505  10701071  4226212  4236601  9779016 11110576
          262144    4096  1369770  3658723  9525535  7458674 10901277  4411124  7992390   8945387  10433600  4042191  3485911 10592923 10751087
          262144    8192  1351871  4343083 10570315  7558037 10650590  4381330 10613168   6956961  10328726  3594117  3636855 10639048 10639356
          262144   16384  1330652  4220566  7464447  6908354  8722142  4184665  8593438   5705855   9574974  3784388  3591311  9069198  8959674

iozone test complete.
